MONGOURI=<>
OPERATOR_ID=0.0.48732485
OPERATOR_PVKEY=2852106973aac4f8fc9bbfdebd36aa1e17a92932d49ae13697d1bb3cb9a61e32
HEDERA_NETWORK=0.0.3
CONTRACT_ID=0.0.49094467

owner_private = 302e020100300506032b657004220420ba5bd16e9452803d06b73d96db463b27e4758f9739c273695e7e5c8feb485add
owner_public = 302a300506032b657003210029a97412785c3f6684bf273716c93a5c30797f8e6d7fff8d6ddd4c096c9005d3
owner_account = 0.0.49091309
user_private = 302e020100300506032b657004220420c890a95bfbd7365cf51ba3f64da30198db6dd1a5631049678bd156cd64f3b815
user_public = 302a300506032b65700321009c1f5f94bf260ccab906cf18deda26500558aa622bb00a823df203878381d98b
user_account = 0.0.49091310
